-95.324066
-1005.585571
85.428703
215.005508
122.678131
-181.775269
-30.069012
-130.642746
142.020493
-180.475128
-17.788582
-20.527834
-91.016960
-98.681801
85.528488
140.480957
-6.331446
-217.566711
18.289371
27.128923
-12.138559
-20.404285
-14.721633
-62.726871
13.626024
-43.196152
76.745827
37.641716
19.583178
81.466484
6.765541
-41.252357
6.481331
33.883453
29.719265
45.039875
-0.635030
74.192146
-16.319174
12.349902
-34.749382
-23.636654
-17.095419
34.802013
4.640539
31.224325
16.456234
32.834126
18.288818
19.574055
-74.336830
26.049541
49.627087
-23.056850
-11.503693
51.100380
48.890072
-13.085597
-15.207402
-13.083005
-49.049095
-16.050081
-20.160374
-18.854292
42.430607
-17.182783
-34.312977
18.905077
0.787486
46.153233
1.347569
-12.067381
19.403057
-8.132951
34.905972
-18.047396
2.807406
-15.355029
13.937588
8.691023
13.305241
3.214533
-19.913385
-13.847533
18.635191
27.530012
-40.050224
60.307880
17.473642
41.379219
0.690625
-1.143482
-28.913303
-19.577059
6.016706
35.620300
-24.682640
22.366819
5.600887
-6.281536
-113.632973
114.907852
-356.743164
-130.001984
-77.560654
121.192070
-58.852634
-25.554047
1.483883
-146.147598
56.474152
-127.932243
-26.424173
-18.392662
-122.419579
-55.582882
-89.294579
-41.216969
-27.153170
-30.256620
-39.931660
-22.785372
-34.375595
-86.521439
-44.793774
39.031418
-16.204330
-42.134155
27.378801
14.288978
15.803842
20.294624
-1.620637
19.826914
4.831442
-4.289618
21.239775
6.086831
16.353029
14.198727
-23.476845
12.208197
-10.527685
20.628223
10.669364
6.123067
-6.306461
6.382082
-1.779494
6.799711
-16.082527
11.132631
-22.708046
-7.599681
1.583921
4.865651
0.537380
5.957695
-13.532395
3.392697
4.382925
-10.098726
-2.806200
-1.042652
-9.325714
0.680536
-14.517047
-3.622643
-5.583281
5.975405
-7.917336
-2.512022
8.313859
5.886105
-3.273400
-4.327706
1.314537
-3.113886
-2.643738
-0.009459
-0.042063
-0.010395
0.861814
-3.509680
-601.549377
2140.000000
300.000000
400.000000
